1000
(
(0.0((0 0.0 0)(0 0 -0.0)))
(0.019025421526526528((0 0.0009512136892952281 0)(0 0 -0.28536410678856844)))
(0.038050843053053056((0 0.0019020830813298738 0)(0 0 -0.5706249243989621)))
(0.05707626457957958((0 0.0028522640034637265 0)(0 0 -0.8556792010391179)))
(0.07610168610610611((0 0.0038014125322522125 0)(0 0 -1.1404237596756637)))
(0.09512710763263264((0 0.004749185117931462 0)(0 0 -1.4247555353794383)))
(0.11415252915915916((0 0.005695238708768117 0)(0 0 -1.708571612630435)))
(0.1331779506856857((0 0.006639230875228885 0)(0 0 -1.9917692625686656)))
(0.15220337221221222((0 0.007580819933924868 0)(0 0 -2.27424598017746)))
(0.17122879373873875((0 0.008519665071285832 0)(0 0 -2.55589952138575)))
(0.1902542152652653((0 0.009455426466919641 0)(0 0 -2.8366279400758923)))
(0.20927963679179182((0 0.01038776541661219 0)(0 0 -3.1163296249836567)))
(0.22830505831831832((0 0.011316344454923351 0)(0 0 -3.394903336477005)))
(0.24733047984484485((0 0.012240827477334529 0)(0 0 -3.6722482432003583)))
(0.2663559013713714((0 0.013160879861903613 0)(0 0 -3.9482639585710837)))
(0.2853813228978979((0 0.014076168590383326 0)(0 0 -4.222850577114998)))
(0.30440674442442445((0 0.014986362368759075 0)(0 0 -4.495908710627722)))
(0.323432165950951((0 0.01589113174716274 0)(0 0 -4.767339524148822)))
(0.3424575874774775((0 0.016790149239118944 0)(0 0 -5.037044771735683)))
(0.36148300900400404((0 0.017683089440080645 0)(0 0 -5.304926832024193)))
(0.3805084305305306((0 0.018569629145211212 0)(0 0 -5.570888743563363)))
(0.3995338520570571((0 0.019449447466370253 0)(0 0 -5.834834239911075)))
(0.41855927358358364((0 0.02032222594826092 0)(0 0 -6.096667784478276)))
(0.43758469511011017((0 0.02118764868369665 0)(0 0 -6.356294605108995)))
(0.45661011663663664((0 0.022045402427945573 0)(0 0 -6.613620728383671)))
(0.4756355381631632((0 0.022895176712111238 0)(0 0 -6.868553013633371)))
(0.4946609596896897((0 0.02373666395550863 0)(0 0 -7.120999186652588)))
(0.5136863812162162((0 0.024569559576994755 0)(0 0 -7.370867873098426)))
(0.5327118027427428((0 0.02539356210521354 0)(0 0 -7.618068631564062)))
(0.5517372242692693((0 0.026208373287715116 0)(0 0 -7.8625119863145345)))
(0.5707626457957958((0 0.02701369819891002 0)(0 0 -8.104109459673005)))
(0.5897880673223224((0 0.02780924534681918 0)(0 0 -8.342773604045753)))
(0.6088134888488489((0 0.028594726778581145 0)(0 0 -8.578418033574343)))
(0.6278389103753754((0 0.029369858184678257 0)(0 0 -8.810957455403477)))
(0.646864331901902((0 0.030134359001844115 0)(0 0 -9.040307700553234)))
(0.6658897534284285((0 0.03088795251461507 0)(0 0 -9.26638575438452)))
(0.684915174954955((0 0.03163036595548898 0)(0 0 -9.489109786646694)))
(0.7039405964814816((0 0.032361330603654946 0)(0 0 -9.708399181096484)))
(0.7229660180080081((0 0.033080581882258396 0)(0 0 -9.92417456467752)))
(0.7419914395345346((0 0.03378785945416618 0)(0 0 -10.136357836249854)))
(0.7610168610610611((0 0.03448290731619707 0)(0 0 -10.34487219485912)))
(0.7800422825875877((0 0.0351654738917836 0)(0 0 -10.54964216753508)))
(0.7990677041141142((0 0.03583531212203167 0)(0 0 -10.750593636609501)))
(0.8180931256406407((0 0.0364921795551449 0)(0 0 -10.947653866543469)))
(0.8371185471671673((0 0.03713583843418148 0)(0 0 -11.140751530254443)))
(0.8561439686936938((0 0.03776605578311162 0)(0 0 -11.329816734933484)))
(0.8751693902202203((0 0.03838260349114459 0)(0 0 -11.514781047343376)))
(0.8941948117467469((0 0.038985258395294764 0)(0 0 -11.69557751858843)))
(0.9132202332732733((0 0.03957380236115667 0)(0 0 -11.872140708347)))
(0.9322456547997998((0 0.04014802236186006 0)(0 0 -12.044406708558018)))
(0.9512710763263263((0 0.04070771055517616 0)(0 0 -12.212313166552848)))
(0.9702964978528529((0 0.041252664358747394 0)(0 0 -12.375799307624218)))
(0.9893219193793794((0 0.04178268652341322 0)(0 0 -12.534805957023966)))
(1.008347340905906((0 0.042297585204605595 0)(0 0 -12.689275561381677)))
(1.0273727624324325((0 0.042797174031788204 0)(0 0 -12.83915220953646)))
(1.0463981839589591((0 0.043281272175914376 0)(0 0 -12.984381652774314)))
(1.0654236054854855((0 0.043749704414879194 0)(0 0 -13.124911324463758)))
(1.0844490270120122((0 0.04420230119694212 0)(0 0 -13.260690359082636)))
(1.1034744485385386((0 0.04463889870209722 0)(0 0 -13.391669610629164)))
(1.1224998700650652((0 0.04505933890136879 0)(0 0 -13.517801670410636)))
(1.1415252915915917((0 0.045463469614010814 0)(0 0 -13.639040884203244)))
(1.1605507131181183((0 0.0458511445625897 0)(0 0 -13.75534336877691)))
(1.1795761346446447((0 0.0462222234259302 0)(0 0 -13.866667027779059)))
(1.1986015561711714((0 0.04657657188990548 0)(0 0 -13.972971566971642)))
(1.2176269776976978((0 0.04691406169605289 0)(0 0 -14.074218508815866)))
(1.2366523992242242((0 0.04723457068799786 0)(0 0 -14.170371206399357)))
(1.2556778207507509((0 0.047537982855669084 0)(0 0 -14.261394856700724)))
(1.2747032422772773((0 0.047824188377289044 0)(0 0 -14.347256513186712)))
(1.293728663803804((0 0.04809308365912463 0)(0 0 -14.42792509773739)))
(1.3127540853303303((0 0.04834457137298351 0)(0 0 -14.503371411895051)))
(1.331779506856857((0 0.04857856049144255 0)(0 0 -14.573568147432766)))
(1.3508049283833834((0 0.04879496632079584 0)(0 0 -14.638489896238752)))
(1.36983034990991((0 0.04899371053170995 0)(0 0 -14.698113159512985)))
(1.3888557714364365((0 0.04917472118757574 0)(0 0 -14.75241635627272)))
(1.407881192962963((0 0.04933793277054621 0)(0 0 -14.801379831163862)))
(1.4269066144894895((0 0.04948328620525109 0)(0 0 -14.844985861575326)))
(1.4459320360160162((0 0.04961072888017948 0)(0 0 -14.883218664053842)))
(1.4649574575425426((0 0.049720214666722884 0)(0 0 -14.916064400016865)))
(1.4839828790690692((0 0.049811703935871754 0)(0 0 -14.943511180761526)))
(1.5030083005955956((0 0.04988516357255943 0)(0 0 -14.965549071767827)))
(1.5220337221221223((0 0.04994056698764829 0)(0 0 -14.982170096294485)))
(1.5410591436486487((0 0.04997789412755389 0)(0 0 -14.993368238266168)))
(1.5600845651751754((0 0.049997131481503476 0)(0 0 -14.99913944445104)))
(1.5791099867017018((0 0.04999827208642623 0)(0 0 -14.999481625927867)))
(1.5981354082282284((0 0.04998131552947365 0)(0 0 -14.994394658842094)))
(1.6171608297547548((0 0.04994626794816896 0)(0 0 -14.983880384450687)))
(1.6361862512812815((0 0.0498931420281856 0)(0 0 -14.96794260845568)))
(1.655211672807808((0 0.04982195699875558 0)(0 0 -14.946587099626674)))
(1.6742370943343345((0 0.04973273862570932 0)(0 0 -14.919821587712796)))
(1.693262515860861((0 0.04962551920214961 0)(0 0 -14.887655760644883)))
(1.7122879373873876((0 0.0495003375367629 0)(0 0 -14.85010126102887)))
(1.731313358913914((0 0.04935723893977228 0)(0 0 -14.807171681931683)))
(1.7503387804404407((0 0.04919627520653717 0)(0 0 -14.75888256196115)))
(1.769364201966967((0 0.049017504598805745 0)(0 0 -14.705251379641721)))
(1.7883896234934937((0 0.04882099182362668 0)(0 0 -14.646297547088004)))
(1.8074150450200202((0 0.04860680800992814 0)(0 0 -14.582042402978443)))
(1.8264404665465466((0 0.04837503068277223 0)(0 0 -14.512509204831668)))
(1.8454658880730732((0 0.048125743735294275 0)(0 0 -14.437723120588283)))
(1.8644913095995996((0 0.04785903739833738 0)(0 0 -14.357711219501212)))
(1.8835167311261263((0 0.04757500820779269 0)(0 0 -14.272502462337805)))
(1.9025421526526527((0 0.0472737589696578 0)(0 0 -14.182127690897337)))
(1.9215675741791793((0 0.04695539872282542 0)(0 0 -14.086619616847626)))
(1.9405929957057058((0 0.04662004269961625 0)(0 0 -13.986012809884873)))
(1.9596184172322324((0 0.046267812284069836 0)(0 0 -13.88034368522095)))
(1.9786438387587588((0 0.045898834968009054 0)(0 0 -13.769650490402714)))
(1.9976692602852855((0 0.0455132443048936 0)(0 0 -13.653973291468079)))
(2.016694681811812((0 0.04511117986147963 0)(0 0 -13.533353958443888)))
(2.0357201033383383((0 0.04469278716730274 0)(0 0 -13.407836150190821)))
(2.054745524864865((0 0.04425821766200268 0)(0 0 -13.277465298600802)))
(2.0737709463913916((0 0.043807628640508973 0)(0 0 -13.142288592152692)))
(2.0927963679179182((0 0.04334118319610706 0)(0 0 -13.002354958832118)))
(2.1118217894444444((0 0.04285905016140579 0)(0 0 -12.857715048421737)))
(2.130847210970971((0 0.042361404047227415 0)(0 0 -12.708421214168224)))
(2.1498726324974977((0 0.041848424979442495 0)(0 0 -12.554527493832747)))
(2.1688980540240244((0 0.04132029863377221 0)(0 0 -12.39608959013166)))
(2.1879234755505506((0 0.04077721616858204 0)(0 0 -12.233164850574612)))
(2.206948897077077((0 0.04021937415569085 0)(0 0 -12.065812246707255)))
(2.225974318603604((0 0.03964697450922061 0)(0 0 -11.894092352766181)))
(2.2449997401301305((0 0.03906022441251239 0)(0 0 -11.718067323753717)))
(2.2640251616566567((0 0.03845933624313524 0)(0 0 -11.53780087294057)))
(2.2830505831831833((0 0.037844527496014774 0)(0 0 -11.35335824880443)))
(2.30207600470971((0 0.03721602070470975 0)(0 0 -11.164806211412925)))
(2.3211014262362366((0 0.03657404336086475 0)(0 0 -10.972213008259423)))
(2.340126847762763((0 0.03591882783186822 0)(0 0 -10.775648349560464)))
(2.3591522692892894((0 0.03525061127674577 0)(0 0 -10.575183383023733)))
(2.378177690815816((0 0.03456963556031918 0)(0 0 -10.370890668095754)))
(2.3972031123423427((0 0.03387614716566192 0)(0 0 -10.162844149698575)))
(2.416228533868869((0 0.03317039710488331 0)(0 0 -9.95111913146499)))
(2.4352539553953956((0 0.03245264082827309 0)(0 0 -9.735792248481925)))
(2.454279376921922((0 0.03172313813183987 0)(0 0 -9.51694143955196)))
(2.4733047984484484((0 0.03098215306327643 0)(0 0 -9.29464591898293)))
(2.492330219974975((0 0.030229953826386054 0)(0 0 -9.068986147915815)))
(2.5113556415015017((0 0.02946681268400474 0)(0 0 -8.840043805201422)))
(2.5303810630280283((0 0.028693005859454036 0)(0 0 -8.60790175783621)))
(2.5494064845545545((0 0.02790881343656045 0)(0 0 -8.372644030968134)))
(2.568431906081081((0 0.027114519258277445 0)(0 0 -8.134355777483233)))
(2.587457327607608((0 0.02631041082394694 0)(0 0 -7.893123247184082)))
(2.6064827491341345((0 0.025496779185237198 0)(0 0 -7.649033755571159)))
(2.6255081706606607((0 0.024673918840795065 0)(0 0 -7.402175652238519)))
(2.6445335921871873((0 0.02384212762965038 0)(0 0 -7.1526382888951145)))
(2.663559013713714((0 0.023001706623411573 0)(0 0 -6.900511987023472)))
(2.6825844352402406((0 0.02215296001729097 0)(0 0 -6.64588800518729)))
(2.701609856766767((0 0.02129619501999963 0)(0 0 -6.388858505999889)))
(2.7206352782932934((0 0.020431721742551326 0)(0 0 -6.129516522765398)))
(2.73966069981982((0 0.01955985308601617 0)(0 0 -5.86795592580485)))
(2.7586861213463467((0 0.01868090462826421 0)(0 0 -5.604271388479263)))
(2.777711542872873((0 0.017795194509740254 0)(0 0 -5.338558352922076)))
(2.7967369643993996((0 0.01690304331831102 0)(0 0 -5.070912995493305)))
(2.815762385925926((0 0.01600477397322662 0)(0 0 -4.8014321919679865)))
(2.834787807452453((0 0.01510071160823804 0)(0 0 -4.530213482471412)))
(2.853813228978979((0 0.014191183453913106 0)(0 0 -4.257355036173932)))
(2.8728386505055057((0 0.013276518719193454 0)(0 0 -3.982955615758036)))
(2.8918640720320323((0 0.012357048472235562 0)(0 0 -3.7071145416706686)))
(2.910889493558559((0 0.011433105520578657 0)(0 0 -3.429931656173597)))
(2.929914915085085((0 0.01050502429068316 0)(0 0 -3.151507287204948)))
(2.948940336611612((0 0.009573140706883006 0)(0 0 -2.871942212064902)))
(2.9679657581381385((0 0.008637792069796044 0)(0 0 -2.591337620938813)))
(2.986991179664665((0 0.007699316934236047 0)(0 0 -2.3097950802708143)))
(3.0060166011911913((0 0.006758054986670901 0)(0 0 -2.02741649600127)))
(3.025042022717718((0 0.005814346922271039 0)(0 0 -1.7443040766813114)))
(3.0440674442442446((0 0.0048685343215930064 0)(0 0 -1.4605602964779016)))
(3.063092865770771((0 0.003920959526942348 0)(0 0 -1.1762878580827045)))
(3.0821182872972974((0 0.002971965518460778 0)(0 0 -0.8915896555382332)))
(3.101143708823824((0 0.0020218957899826736 0)(0 0 -0.606568736994802)))
(3.1201691303503507((0 0.001071094224705427 0)(0 0 -0.3213282674116281)))
(3.139194551876877((0 0.00011990497071898695 0)(0 0 -0.03597149121569608)))
(3.1582199734034035((0 -0.0008313276835606098 0)(0 0 0.24939830506818295)))
(3.17724539492993((0 -0.0017822594340082731 0)(0 0 0.5346778302024819)))
(3.196270816456457((0 -0.0027325460854128072 0)(0 0 0.8197638256238421)))
(3.215296237982983((0 -0.0036818436760602986 0)(0 0 1.1045531028180895)))
(3.2343216595095097((0 -0.0046298086022331245 0)(0 0 1.3889425806699374)))
(3.2533470810360363((0 -0.005576097742579161 0)(0 0 1.6728293227737483)))
(3.272372502562563((0 -0.006520368582306615 0)(0 0 1.9561105746919842)))
(3.291397924089089((0 -0.007462279337159174 0)(0 0 2.238683801147752)))
(3.310423345615616((0 -0.008401489077126881 0)(0 0 2.5204467231380643)))
(3.3294487671421424((0 -0.009337657849847563 0)(0 0 2.8012973549542686)))
(3.348474188668669((0 -0.010270446803654644 0)(0 0 3.0811340410963926)))
(3.3674996101951953((0 -0.011199518310226395 0)(0 0 3.3598554930679185)))
(3.386525031721722((0 -0.01212453608679255 0)(0 0 3.6373608260377646)))
(3.4055504532482486((0 -0.013045165317853637 0)(0 0 3.9135495953560904)))
(3.424575874774775((0 -0.013961072776369472 0)(0 0 4.188321832910841)))
(3.4436012963013014((0 -0.014871926944372558 0)(0 0 4.4615780833117675)))
(3.462626717827828((0 -0.01577739813296299 0)(0 0 4.733219439888897)))
(3.4816521393543547((0 -0.016677158601641137 0)(0 0 5.0031475804923415)))
(3.5006775608808813((0 -0.017570882676935278 0)(0 0 5.271264803080583)))
(3.5197029824074075((0 -0.018458246870280925 0)(0 0 5.537474061084278)))
(3.538728403933934((0 -0.01933892999510949 0)(0 0 5.8016789985328465)))
(3.557753825460461((0 -0.020212613283103448 0)(0 0 6.063783984931034)))
(3.5767792469869875((0 -0.021078980499576464 0)(0 0 6.323694149872939)))
(3.5958046685135137((0 -0.021937718057936307 0)(0 0 6.581315417380892)))
(3.6148300900400403((0 -0.022788515133189403 0)(0 0 6.83655453995682)))
(3.633855511566567((0 -0.023631063774445602 0)(0 0 7.089319132333681)))
(3.652880933093093((0 -0.024465059016382837 0)(0 0 7.33951770491485)))
(3.67190635461962((0 -0.02529019898963113 0)(0 0 7.587059696889339)))
(3.6909317761461464((0 -0.02610618503003583 0)(0 0 7.831855509010748)))
(3.709957197672673((0 -0.026912721786760904 0)(0 0 8.07381653602827)))
(3.7289826191991993((0 -0.027709517329192815 0)(0 0 8.312855198757843)))
(3.748008040725726((0 -0.028496283252606572 0)(0 0 8.54888497578197)))
(3.7670334622522526((0 -0.029272734782555362 0)(0 0 8.781820434766608)))
(3.786058883778779((0 -0.030038590877946383 0)(0 0 9.011577263383915)))
(3.8050843053053054((0 -0.030793574332765212 0)(0 0 9.238072299829563)))
(3.824109726831832((0 -0.031537411876412236 0)(0 0 9.46122356292367)))
(3.8431351483583587((0 -0.032269834272614366 0)(0 0 9.68095028178431)))
(3.8621605698848853((0 -0.03299057641687675 0)(0 0 9.897172925063025)))
(3.8811859914114115((0 -0.03369937743243881 0)(0 0 10.109813229731643)))
(3.900211412937938((0 -0.03439598076470018 0)(0 0 10.318794229410054)))
(3.919236834464465((0 -0.035080134274082 0)(0 0 10.524040282224599)))
(3.9382622559909914((0 -0.035751590327290354 0)(0 0 10.725477098187104)))
(3.9572876775175176((0 -0.036410105886948534 0)(0 0 10.92303176608456)))
(3.9763130990440443((0 -0.03705544259956587 0)(0 0 11.11663277986976)))
(3.995338520570571((0 -0.03768736688181107 0)(0 0 11.306210064543318)))
(4.014363942097098((0 -0.03830565000505909 0)(0 0 11.491695001517725)))
(4.033389363623624((0 -0.03891006817818077 0)(0 0 11.67302045345423)))
(4.052414785150151((0 -0.03950040262854532 0)(0 0 11.850120788563595)))
(4.071440206676677((0 -0.040076439681206305 0)(0 0 12.02293190436189)))
(4.090465628203203((0 -0.040637970836242605 0)(0 0 12.191391250872782)))
(4.10949104972973((0 -0.04118479284422604 0)(0 0 12.35543785326781)))
(4.1285164712562565((0 -0.041716707779788746 0)(0 0 12.515012333936623)))
(4.147541892782783((0 -0.04223352311326336 0)(0 0 12.670056933979007)))
(4.16656731430931((0 -0.042735051780370285 0)(0 0 12.820515534111085)))
(4.1855927358358365((0 -0.04322111224992664 0)(0 0 12.96633367497799)))
(4.204618157362363((0 -0.043691528589552525 0)(0 0 13.107458576865756)))
(4.223643578888889((0 -0.04414613052935075 0)(0 0 13.243839158805224)))
(4.2426690004154155((0 -0.04458475352353707 0)(0 0 13.375426057061121)))
(4.261694421941942((0 -0.045007238809998365 0)(0 0 13.502171642999508)))
(4.280719843468469((0 -0.04541343346775756 0)(0 0 13.624030040327268)))
(4.299745264994995((0 -0.045803190472324264 0)(0 0 13.74095714169728)))
(4.318770686521522((0 -0.0461763687489111 0)(0 0 13.85291062467333)))
(4.337796108048049((0 -0.04653283322349655 0)(0 0 13.959849967048964)))
(4.3568215295745745((0 -0.046872454871715735 0)(0 0 14.061736461514721)))
(4.375846951101101((0 -0.047195110765561654 0)(0 0 14.158533229668494)))
(4.394872372627628((0 -0.04750068411787948 0)(0 0 14.250205235363843)))
(4.413897794154154((0 -0.04778906432463852 0)(0 0 14.336719297391554)))
(4.432923215680681((0 -0.04806014700496586 0)(0 0 14.418044101489757)))
(4.451948637207208((0 -0.048313834038927715 0)(0 0 14.494150211678313)))
(4.470974058733734((0 -0.04855003360304443 0)(0 0 14.565010080913328)))
(4.489999480260261((0 -0.04876866020352655 0)(0 0 14.630598061057965)))
(4.509024901786787((0 -0.04896963470721979 0)(0 0 14.690890412165935)))
(4.528050323313313((0 -0.04915288437024773 0)(0 0 14.745865311074317)))
(4.54707574483984((0 -0.04931834286434186 0)(0 0 14.795502859302559)))
(4.566101166366367((0 -0.04946595030084952 0)(0 0 14.839785090254857)))
(4.585126587892893((0 -0.0495956532524109 0)(0 0 14.87869597572327)))
(4.60415200941942((0 -0.049707404772297396 0)(0 0 14.912221431689218)))
(4.623177430945947((0 -0.049801164411404246 0)(0 0 14.940349323421273)))
(4.642202852472473((0 -0.049876898232891334 0)(0 0 14.9630694698674)))
(4.661228273998999((0 -0.049934578824466794 0)(0 0 14.980373647340038)))
(4.680253695525526((0 -0.04997418530830908 0)(0 0 14.992255592492723)))
(4.699279117052052((0 -0.04999570334862378 0)(0 0 14.998711004587133)))
(4.718304538578579((0 -0.04999912515683255 0)(0 0 14.999737547049763)))
(4.7373299601051055((0 -0.04998444949439226 0)(0 0 14.995334848317675)))
(4.756355381631632((0 -0.04995168167324324 0)(0 0 14.98550450197297)))
(4.775380803158159((0 -0.04990083355388666 0)(0 0 14.970250066165995)))
(4.7944062246846855((0 -0.04983192354109148 0)(0 0 14.949577062327442)))
(4.813431646211211((0 -0.049744976577232806 0)(0 0 14.923492973169841)))
(4.832457067737738((0 -0.04964002413326381 0)(0 0 14.892007239979142)))
(4.8514824892642645((0 -0.049517104197324635 0)(0 0 14.85513125919739)))
(4.870507910790791((0 -0.04937626126099243 0)(0 0 14.812878378297727)))
(4.889533332317318((0 -0.04921754630317726 0)(0 0 14.765263890953179)))
(4.908558753843844((0 -0.049041016771670116 0)(0 0 14.712305031501035)))
(4.927584175370371((0 -0.04884673656234928 0)(0 0 14.654020968704783)))
(4.946609596896897((0 -0.04863477599605286 0)(0 0 14.590432798815858)))
(4.9656350184234235((0 -0.048405211793125756 0)(0 0 14.521563537937725)))
(4.98466043994995((0 -0.04815812704565032 0)(0 0 14.447438113695096)))
(5.003685861476477((0 -0.04789361118737066 0)(0 0 14.368083356211198)))
(5.022711283003003((0 -0.047611759961321616 0)(0 0 14.283527988396484)))
(5.04173670452953((0 -0.047312675385173995 0)(0 0 14.193802615552197)))
(5.060762126056057((0 -0.04699646571430868 0)(0 0 14.098939714292605)))
(5.079787547582583((0 -0.04666324540263303 0)(0 0 13.998973620789908)))
(5.098812969109109((0 -0.04631313506115355 0)(0 0 13.893940518346065)))
(5.117838390635636((0 -0.04594626141432009 0)(0 0 13.783878424296025)))
(5.136863812162162((0 -0.045562757254157205 0)(0 0 13.66882717624716)))
(5.155889233688689((0 -0.04516276139219931 0)(0 0 13.548828417659792)))
(5.174914655215216((0 -0.04474641860924705 0)(0 0 13.423925582774116)))
(5.193940076741742((0 -0.04431387960296305 0)(0 0 13.294163880888913)))
(5.212965498268269((0 -0.04386530093332604 0)(0 0 13.159590279997811)))
(5.231990919794796((0 -0.04340084496596304 0)(0 0 13.02025348978891)))
(5.251016341321321((0 -0.042920679813380276 0)(0 0 12.876203944014083)))
(5.270041762847848((0 -0.04242497927411374 0)(0 0 12.727493782234122)))
(5.289067184374375((0 -0.04191392276982197 0)(0 0 12.57417683094659)))
(5.308092605900901((0 -0.041387695280343265 0)(0 0 12.416308584102978)))
(5.327118027427428((0 -0.04084648727674117 0)(0 0 12.253946183022352)))
(5.3461434489539545((0 -0.040290494652362424 0)(0 0 12.087148395708727)))
(5.365168870480481((0 -0.039719918651932196 0)(0 0 11.915975595579656)))
(5.384194292007008((0 -0.039134965798712396 0)(0 0 11.740489739613718)))
(5.403219713533534((0 -0.03853584781974947 0)(0 0 11.560754345924838)))
(5.42224513506006((0 -0.03792278156923841 0)(0 0 11.376834470771522)))
(5.441270556586587((0 -0.037295988950031354 0)(0 0 11.188796685009406)))
(5.4602959781131135((0 -0.03665569683331841 0)(0 0 10.996709049995522)))
(5.47932139963964((0 -0.036002136976510384 0)(0 0 10.800641092953116)))
(5.498346821166167((0 -0.03533554593935286 0)(0 0 10.600663781805858)))
(5.517372242692693((0 -0.03465616499830201 0)(0 0 10.396849499490601)))
(5.536397664219219((0 -0.03396424005919325 0)(0 0 10.189272017757974)))
(5.555423085745746((0 -0.03326002156823407 0)(0 0 9.978006470470222)))
(5.5744485072722725((0 -0.032543764421353816 0)(0 0 9.763129326406144)))
(5.593473928798799((0 -0.031815727871942444 0)(0 0 9.544718361582733)))
(5.612499350325326((0 -0.03107617543701238 0)(0 0 9.322852631103713)))
(5.631524771851852((0 -0.03032537480181696 0)(0 0 9.097612440545086)))
(5.650550193378379((0 -0.02956359772296024 0)(0 0 8.869079316888072)))
(5.669575614904906((0 -0.02879111993003315 0)(0 0 8.637335979009945)))
(5.6886010364314314((0 -0.02800822102581159 0)(0 0 8.402466307743476)))
(5.707626457957958((0 -0.02721518438505245 0)(0 0 8.164555315515734)))
(5.726651879484485((0 -0.026412297051924744 0)(0 0 7.923689115577423)))
(5.745677301011011((0 -0.02559984963611215 0)(0 0 7.679954890833645)))
(5.764702722537538((0 -0.02477813620762519 0)(0 0 7.433440862287557)))
(5.783728144064065((0 -0.023947454190360942 0)(0 0 7.184236257108282)))
(5.802753565590591((0 -0.023108104254448703 0)(0 0 6.93243127633461)))
(5.821778987117118((0 -0.022260390207420745 0)(0 0 6.678117062226223)))
(5.840804408643644((0 -0.021404618884247453 0)(0 0 6.421385665274236)))
(5.85982983017017((0 -0.020541100036276502 0)(0 0 6.1623300108829495)))
(5.878855251696697((0 -0.019670146219116783 0)(0 0 5.901043865735034)))
(5.897880673223224((0 -0.01879207267950699 0)(0 0 5.637621803852096)))
(5.91690609474975((0 -0.017907197241210253 0)(0 0 5.372159172363076)))
(5.935931516276277((0 -0.017015840189976022 0)(0 0 5.1047520569928055)))
(5.9549569378028036((0 -0.016118324157610796 0)(0 0 4.8354972472832385)))
(5.97398235932933((0 -0.015214974005199675 0)(0 0 4.5644922015599025)))
(5.993007780855856((0 -0.014306116705521087 0)(0 0 4.2918350116563255)))
(6.012033202382383((0 -0.013392081224696921 0)(0 0 4.017624367409076)))
(6.031058623908909((0 -0.012473198403121619 0)(0 0 3.7419595209364855)))
(6.050084045435436((0 -0.011549800835712418 0)(0 0 3.4649402507137252)))
(6.0691094669619625((0 -0.010622222751524746 0)(0 0 3.186666825457424)))
(6.088134888488489((0 -0.00969079989277611 0)(0 0 2.9072399678328327)))
(6.107160310015016((0 -0.008755869393322251 0)(0 0 2.6267608179966753)))
(6.126185731541542((0 -0.007817769656629671 0)(0 0 2.345330896988901)))
(6.145211153068068((0 -0.006876840233288367 0)(0 0 2.0630520699865103)))
(6.164236574594595((0 -0.005933421698109807 0)(0 0 1.7800265094329422)))
(6.1832619961211215((0 -0.004987855526853751 0)(0 0 1.4963566580561254)))
(6.202287417647648((0 -0.004040483972629175 0)(0 0 1.2121451917887527)))
(6.221312839174175((0 -0.003091649942013796 0)(0 0 0.9274949826041388)))
(6.240338260700701((0 -0.0021416968709370636 0)(0 0 0.642509061281119)))
(6.259363682227228((0 -0.0011909686003715517 0)(0 0 0.3572905801114655)))
(6.278389103753754((0 -0.0002398092518777884 0)(0 0 0.07194277556333652)))
(6.2974145252802805((0 0.0007114368969526972 0)(0 0 -0.21343106908580917)))
(6.316439946806807((0 0.0016624255371103635 0)(0 0 -0.49872766113310907)))
(6.335465368333334((0 0.0026128124527924567 0)(0 0 -0.7838437358377369)))
(6.35449078985986((0 0.0035622536459938535 0)(0 0 -1.068676093798156)))
(6.373516211386387((0 0.00451040546101912 0)(0 0 -1.3531216383057358)))
(6.392541632912914((0 0.005456924708870656 0)(0 0 -1.6370774126611967)))
(6.41156705443944((0 0.006401468791467938 0)(0 0 -1.9204406374403813)))
(6.430592475965966((0 0.007343695825652805 0)(0 0 -2.2031087476958415)))
(6.449617897492493((0 0.00828326476693622 0)(0 0 -2.4849794300808656)))
(6.468643319019019((0 0.00921983553294101 0)(0 0 -2.7659506598823027)))
(6.487668740545546((0 0.010153069126496815 0)(0 0 -3.0459207379490447)))
(6.506694162072073((0 0.011082627758342026 0)(0 0 -3.324788327502607)))
(6.525719583598599((0 0.01200817496938853 0)(0 0 -3.6024524908165585)))
(6.544745005125126((0 0.012929375752505032 0)(0 0 -3.8788127257515095)))
(6.563770426651653((0 0.013845896673774796 0)(0 0 -4.153769002132439)))
(6.582795848178178((0 0.014757405993183932 0)(0 0 -4.42722179795518)))
(6.601821269704705((0 0.015663573784696763 0)(0 0 -4.699072135409029)))
(6.620846691231232((0 0.01656407205567421 0)(0 0 -4.969221616702263)))
(6.639872112757758((0 0.01745857486559276 0)(0 0 -5.237572459677828)))
(6.658897534284285((0 0.018346758444020488 0)(0 0 -5.504027533206147)))
(6.6779229558108115((0 0.019228301307807616 0)(0 0 -5.768490392342285)))
(6.696948377337338((0 0.020102884377449188 0)(0 0 -6.030865313234756)))
(6.715973798863864((0 0.02097019109257769 0)(0 0 -6.291057327773307)))
(6.734999220390391((0 0.021829907526544054 0)(0 0 -6.548972257963215)))
(6.754024641916917((0 0.022681722500044972 0)(0 0 -6.804516750013491)))
(6.773050063443444((0 0.0235253276937562 0)(0 0 -7.05759830812686)))
(6.7920754849699705((0 0.024360417759930454 0)(0 0 -7.308125327979136)))
(6.811100906496497((0 0.025186690432919795 0)(0 0 -7.556007129875939)))
(6.830126328023024((0 0.02600384663858242 0)(0 0 -7.801153991574726)))
(6.84915174954955((0 0.02681159060253424 0)(0 0 -8.043477180760272)))
(6.868177171076076((0 0.027609629957206124 0)(0 0 -8.282888987161837)))
(6.887202592602603((0 0.028397675847668113 0)(0 0 -8.519302754300433)))
(6.9062280141291295((0 0.02917544303618197 0)(0 0 -8.75263291085459)))
(6.925253435655656((0 0.029942650005444695 0)(0 0 -8.982795001633407)))
(6.944278857182183((0 0.030699019060485333 0)(0 0 -9.2097057181456)))
(6.963304278708709((0 0.031444276429178276 0)(0 0 -9.433282928753483)))
(6.982329700235236((0 0.03217815236133661 0)(0 0 -9.653445708400984)))
(7.001355121761763((0 0.03290038122634979 0)(0 0 -9.870114367904938)))
(7.020380543288288((0 0.033610701609330114 0)(0 0 -10.083210482799034)))
(7.039405964814815((0 0.03430885640573348 0)(0 0 -10.292656921720043)))
(7.058431386341342((0 0.03499459291441964 0)(0 0 -10.498377874325893)))
(7.077456807867868((0 0.03566766292911899 0)(0 0 -10.700298878735698)))
(7.096482229394395((0 0.036327822828272203 0)(0 0 -10.898346848481662)))
(7.115507650920922((0 0.036974833663210464 0)(0 0 -11.092450098963138)))
(7.134533072447448((0 0.037608461244644266 0)(0 0 -11.28253837339328)))
(7.153558493973975((0 0.03822847622742967 0)(0 0 -11.468542868228901)))
(7.172583915500501((0 0.03883465419358097 0)(0 0 -11.65039625807429)))
(7.191609337027027((0 0.039426775733500216 0)(0 0 -11.828032720050064)))
(7.210634758553554((0 0.040004626525393654 0)(0 0 -12.001387957618094)))
(7.229660180080081((0 0.04056799741284678 0)(0 0 -12.170399223854032)))
(7.248685601606607((0 0.0411166844805297 0)(0 0 -12.335005344158908)))
(7.267711023133134((0 0.04165048912800548 0)(0 0 -12.495146738401644)))
(7.2867364446596605((0 0.042169218141614694 0)(0 0 -12.650765442484406)))
(7.305761866186186((0 0.04267268376441018 0)(0 0 -12.801805129323052)))
(7.324787287712713((0 0.04316070376411686 0)(0 0 -12.948211129235057)))
(7.34381270923924((0 0.04363310149909163 0)(0 0 -13.089930449727488)))
(7.362838130765766((0 0.04408970598225988 0)(0 0 -13.226911794677962)))
(7.381863552292293((0 0.04453035194300524 0)(0 0 -13.35910558290157)))
(7.4008889738188195((0 0.044954879886990234 0)(0 0 -13.48646396609707)))
(7.419914395345346((0 0.04536313615388618 0)(0 0 -13.608940846165854)))
(7.438939816871873((0 0.0457549729729914 0)(0 0 -13.72649189189742)))
(7.4579652383983985((0 0.04613024851671768 0)(0 0 -13.839074555015303)))
(7.476990659924925((0 0.04648882695192564 0)(0 0 -13.946648085577692)))
(7.496016081451452((0 0.046830578489090224 0)(0 0 -14.049173546727065)))
(7.5150415029779785((0 0.04715537942927882 0)(0 0 -14.146613828783645)))
(7.534066924504505((0 0.0474631122089248 0)(0 0 -14.238933662677441)))
(7.553092346031032((0 0.04775366544238033 0)(0 0 -14.326099632714099)))
(7.572117767557558((0 0.04802693396223301 0)(0 0 -14.408080188669901)))
(7.591143189084085((0 0.048282818857371845 0)(0 0 -14.484845657211554)))
(7.610168610610611((0 0.04852122750878873 0)(0 0 -14.556368252636616)))
(7.629194032137137((0 0.04874207362310236 0)(0 0 -14.622622086930706)))
(7.648219453663664((0 0.048945277263792664 0)(0 0 -14.683583179137797)))
(7.667244875190191((0 0.04913076488013427 0)(0 0 -14.739229464040282)))
(7.686270296716717((0 0.04929846933381862 0)(0 0 -14.789540800145588)))
(7.705295718243244((0 0.04944832992325507 0)(0 0 -14.83449897697652)))
(7.724321139769771((0 0.049580292405542147 0)(0 0 -14.874087721662642)))
(7.743346561296297((0 0.049694309016101126 0)(0 0 -14.908292704830338)))
(7.762371982822823((0 0.04979033848596467 0)(0 0 -14.9371015457894)))
(7.78139740434935((0 0.04986834605671437 0)(0 0 -14.960503817014311)))
(7.800422825875876((0 0.049928303493061765 0)(0 0 -14.978491047918528)))
(7.819448247402403((0 0.04997018909306823 0)(0 0 -14.99105672792047)))
(7.83847366892893((0 0.04999398769600018 0)(0 0 -14.998196308800052)))
(7.857499090455456((0 0.04999969068781653 0)(0 0 -14.99990720634496)))
(7.876524511981983((0 0.04998729600428662 0)(0 0 -14.996188801285985)))
(7.8955499335085095((0 0.04995680813173738 0)(0 0 -14.987042439521213)))
(7.914575355035035((0 0.049908238105429464 0)(0 0 -14.972471431628838)))
(7.933600776561562((0 0.04984160350556298 0)(0 0 -14.952481051668892)))
(7.952626198088089((0 0.04975692845091423 0)(0 0 -14.92707853527427)))
(7.971651619614615((0 0.049654243590105805 0)(0 0 -14.89627307703174)))
(7.990677041141142((0 0.049533586090513095 0)(0 0 -14.860075827153928)))
(8.009702462667668((0 0.04939499962481139 0)(0 0 -14.818499887443418)))
(8.028727884194195((0 0.04923853435516829 0)(0 0 -14.771560306550487)))
(8.047753305720722((0 0.04906424691508719 0)(0 0 -14.719274074526156)))
(8.066778727247248((0 0.0488722003889085 0)(0 0 -14.66166011667255)))
(8.085804148773775((0 0.04866246428897589 0)(0 0 -14.598739286692764)))
(8.104829570300302((0 0.048435114530475866 0)(0 0 -14.53053435914276)))
(8.123854991826827((0 0.048190233403959934 0)(0 0 -14.45707002118798)))
(8.142880413353353((0 0.04792790954555889 0)(0 0 -14.378372863667664)))
(8.16190583487988((0 0.04764823790490062 0)(0 0 -14.294471371470186)))
(8.180931256406407((0 0.047351319710742495 0)(0 0 -14.205395913222747)))
(8.199956677932933((0 0.047037262434330984 0)(0 0 -14.111178730299295)))
(8.21898209945946((0 0.0467061797505019 0)(0 0 -14.011853925150568)))
(8.238007520985986((0 0.046358191496535056 0)(0 0 -13.907457448960518)))
(8.257032942512513((0 0.04599342362877856 0)(0 0 -13.79802708863357)))
(8.27605836403904((0 0.04561200817705813 0)(0 0 -13.683602453117437)))
(8.295083785565566((0 0.04521408319688815 0)(0 0 -13.564224959066443)))
(8.314109207092093((0 0.044799792719501685 0)(0 0 -13.439937815850506)))
(8.33313462861862((0 0.0443692866997176 0)(0 0 -13.310786009915278)))
(8.352160050145146((0 0.043922720961663435 0)(0 0 -13.17681628849903)))
(8.371185471671673((0 0.0434602571423741 0)(0 0 -13.038077142712229)))
(8.3902108931982((0 0.04298206263328634 0)(0 0 -12.894618789985902)))
(8.409236314724726((0 0.042488310519650456 0)(0 0 -12.746493155895136)))
(8.428261736251251((0 0.04197917951788115 0)(0 0 -12.593753855364344)))
(8.447287157777778((0 0.041454853910869935 0)(0 0 -12.43645617326098)))
(8.466312579304304((0 0.04091552348128312 0)(0 0 -12.274657044384934)))
(8.485338000830831((0 0.04036138344286873 0)(0 0 -12.108415032860618)))
(8.504363422357358((0 0.03979263436979779 0)(0 0 -11.937790310939336)))
(8.523388843883884((0 0.03920948212406538 0)(0 0 -11.762844637219613)))
(8.542414265410411((0 0.03861213778097767 0)(0 0 -11.5836413342933)))
(8.561439686936938((0 0.03800081755275203 0)(0 0 -11.400245265825609)))
(8.580465108463464((0 0.03737574271025775 0)(0 0 -11.212722813077326)))
(8.59949052998999((0 0.03673713950292581 0)(0 0 -11.021141850877743)))
(8.618515951516518((0 0.03608523907685653 0)(0 0 -10.82557172305696)))
(8.637541373043044((0 0.03542027739115504 0)(0 0 -10.62608321734651)))
(8.65656679456957((0 0.03474249513252436 0)(0 0 -10.422748539757306)))
(8.675592216096097((0 0.03405213762814759 0)(0 0 -10.215641288444278)))
(8.694617637622624((0 0.03334945475689031 0)(0 0 -10.004836427067092)))
(8.713643059149149((0 0.032634700858855475 0)(0 0 -9.790410257656642)))
(8.732668480675676((0 0.031908134643323385 0)(0 0 -9.572440392997015)))
(8.751693902202202((0 0.031170019095110718 0)(0 0 -9.351005728533215)))
(8.770719323728729((0 0.03042062137938142 0)(0 0 -9.126186413814425)))
(8.789744745255256((0 0.02966021274494478 0)(0 0 -8.898063823483435)))
(8.808770166781782((0 0.028889068426075405 0)(0 0 -8.666720527822621)))
(8.827795588308309((0 0.028107467542890553 0)(0 0 -8.432240262867165)))
(8.846821009834835((0 0.027315693000321037 0)(0 0 -8.19470790009631)))
(8.865846431361362((0 0.026514031385712122 0)(0 0 -7.9542094157136365)))
(8.884871852887889((0 0.02570277286509163 0)(0 0 -7.710831859527488)))
(8.903897274414415((0 0.024882211078142643 0)(0 0 -7.464663323442792)))
(8.922922695940942((0 0.024052643031918956 0)(0 0 -7.215792909575686)))
(8.941948117467469((0 0.02321436899334166 0)(0 0 -6.964310698002498)))
(8.960973538993995((0 0.022367692380515794 0)(0 0 -6.710307714154738)))
(8.979998960520522((0 0.021512919652906443 0)(0 0 -6.453875895871932)))
(8.999024382047049((0 0.020650360200413942 0)(0 0 -6.195108060124182)))
(9.018049803573573((0 0.019780326231388534 0)(0 0 -5.9340978694165605)))
(9.0370752251001((0 0.018903132659624428 0)(0 0 -5.670939797887328)))
(9.056100646626627((0 0.018019096990375415 0)(0 0 -5.405729097112624)))
(9.075126068153153((0 0.017128539205431715 0)(0 0 -5.138561761629514)))
(9.09415148967968((0 0.016231781647300794 0)(0 0 -4.869534494190238)))
(9.113176911206207((0 0.015329148902533654 0)(0 0 -4.598744670760096)))
(9.132202332732733((0 0.014420967684238856 0)(0 0 -4.326290305271657)))
(9.15122775425926((0 0.013507566713826837 0)(0 0 -4.052270014148051)))
(9.170253175785787((0 0.0125892766020273 0)(0 0 -3.77678298060819)))
(9.189278597312313((0 0.011666429729222775 0)(0 0 -3.499928918766832)))
(9.20830401883884((0 0.010739360125141617 0)(0 0 -3.221808037542485)))
(9.227329440365367((0 0.009808403347954034 0)(0 0 -2.94252100438621)))
(9.246354861891893((0 0.00887389636281487 0)(0 0 -2.662168908844461)))
(9.26538028341842((0 0.00793617741989714 0)(0 0 -2.380853225969142)))
(9.284405704944946((0 0.006995585931960437 0)(0 0 -2.098675779588131)))
(9.303431126471471((0 0.00605246235149861 0)(0 0 -1.815738705449583)))
(9.322456547997998((0 0.005107148047510689 0)(0 0 -1.5321444142532066)))
(9.341481969524525((0 0.004159985181940933 0)(0 0 -1.24799555458228)))
(9.360507391051051((0 0.0032113165858310014 0)(0 0 -0.9633949757493003)))
(9.379532812577578((0 0.002261485635230373 0)(0 0 -0.6784456905691119)))
(9.398558234104105((0 0.001310836126909414 0)(0 0 -0.3932508380728242)))
(9.417583655630631((0 0.00035971215392016236 0)(0 0 -0.1079136461760487)))
(9.436609077157158((0 -0.0005915420189501326 0)(0 0 0.17746260568503977)))
(9.455634498683684((0 -0.0015425820797876257 0)(0 0 0.4627746239362877)))
(9.474659920210211((0 -0.002493063794177553 0)(0 0 0.7479191382532658)))
(9.493685341736738((0 -0.003442643129801854 0)(0 0 1.0327929389405561)))
(9.512710763263264((0 -0.00439097638096365 0)(0 0 1.317292914289095)))
(9.531736184789791((0 -0.005337720292993491 0)(0 0 1.6013160878980475)))
(9.550761606316318((0 -0.006282532186492361 0)(0 0 1.8847596559477082)))
(9.569787027842844((0 -0.00722507008136645 0)(0 0 2.1675210244099348)))
(9.588812449369371((0 -0.008164992820608818 0)(0 0 2.4494978461826453)))
(9.607837870895896((0 -0.009101960193783046 0)(0 0 2.730588058134914)))
(9.626863292422422((0 -0.010035633060164709 0)(0 0 3.010689918049412)))
(9.645888713948949((0 -0.010965673471494776 0)(0 0 3.289702041448433)))
(9.664914135475476((0 -0.011891744794302293 0)(0 0 3.5675234382906877)))
(9.683939557002002((0 -0.012813511831750694 0)(0 0 3.8440535495252077)))
(9.702964978528529((0 -0.013730640944964234 0)(0 0 4.11919228348927)))
(9.721990400055056((0 -0.014642800173790506 0)(0 0 4.392840052137151)))
(9.741015821581582((0 -0.01554965935695529 0)(0 0 4.664897807086587)))
(9.760041243108109((0 -0.01645089025156637 0)(0 0 4.935267075469911)))
(9.779066664634636((0 -0.017346166651922904 0)(0 0 5.203849995576871)))
(9.798092086161162((0 -0.018235164507587456 0)(0 0 5.470549352276237)))
(9.817117507687689((0 -0.019117562040677927 0)(0 0 5.735268612203378)))
(9.836142929214216((0 -0.0199930398623369 0)(0 0 5.997911958701069)))
(9.855168350740742((0 -0.020861281088336254 0)(0 0 6.258384326500876)))
(9.874193772267269((0 -0.021721971453775274 0)(0 0 6.5165914361325825)))
(9.893219193793794((0 -0.02257479942683052 0)(0 0 6.772439828049155)))
(9.91224461532032((0 -0.023419456321516888 0)(0 0 7.025836896455066)))
(9.931270036846847((0 -0.024255636409417813 0)(0 0 7.276690922825344)))
(9.950295458373374((0 -0.025083037030345725 0)(0 0 7.524911109103717)))
(9.9693208798999((0 -0.025901358701891572 0)(0 0 7.770407610567471)))
(9.988346301426427((0 -0.02671030522782421 0)(0 0 8.013091568347264)))
(10.007371722952954((0 -0.027509583805300317 0)(0 0 8.252875141590094)))
(10.02639714447948((0 -0.028298905130846055 0)(0 0 8.489671539253816)))
(10.045422566006007((0 -0.029077983505072142 0)(0 0 8.723395051521642)))
(10.064447987532533((0 -0.0298465369360844 0)(0 0 8.95396108082532)))
(10.08347340905906((0 -0.030604287241552303 0)(0 0 9.181286172465692)))
(10.102498830585587((0 -0.0313509601493987 0)(0 0 9.40528804481961)))
(10.121524252112113((0 -0.032086285397074164 0)(0 0 9.625885619122249)))
(10.14054967363864((0 -0.03280999682938006 0)(0 0 9.842999048814017)))
(10.159575095165167((0 -0.03352183249480497 0)(0 0 10.05654974844149)))
(10.178600516691693((0 -0.03422153474033954 0)(0 0 10.266460422101861)))
(10.197625938218218((0 -0.03490885030473539 0)(0 0 10.472655091420615)))
(10.216651359744745((0 -0.03558353041017475 0)(0 0 10.675059123052424)))
(10.235676781271271((0 -0.03624533085231664 0)(0 0 10.873599255694991)))
(10.254702202797798((0 -0.03689401208868826 0)(0 0 11.068203626606477)))
(10.273727624324325((0 -0.03752933932538876 0)(0 0 11.258801797616627)))
(10.292753045850851((0 -0.03815108260207415 0)(0 0 11.445324780622245)))
(10.311778467377378((0 -0.03875901687519287 0)(0 0 11.627705062557862)))
(10.330803888903905((0 -0.03935292209944154 0)(0 0 11.80587662983246)))
(10.349829310430431((0 -0.03993258330741159 0)(0 0 11.979774992223478)))
(10.368854731956958((0 -0.040497790687398054 0)(0 0 12.149337206219414)))
(10.387880153483485((0 -0.04104833965934201 0)(0 0 12.3145018978026)))
(10.406905575010011((0 -0.04158403094887956 0)(0 0 12.475209284663867)))
(10.425930996536538((0 -0.04210467065947035 0)(0 0 12.631401197841106)))
(10.444956418063065((0 -0.04261007034257949 0)(0 0 12.783021102773848)))
(10.463981839589591((0 -0.04310004706588763 0)(0 0 12.930014119766287)))
(10.483007261116116((0 -0.043574423479504264 0)(0 0 13.072327043851278)))
(10.502032682642643((0 -0.04403302788016078 0)(0 0 13.209908364048232)))
(10.52105810416917((0 -0.04447569427335914 0)(0 0 13.34270828200774)))
(10.540083525695696((0 -0.044902262433454736 0)(0 0 13.47067873003642)))
(10.559108947222223((0 -0.045312577961650925 0)(0 0 13.593773388495277)))
(10.57813436874875((0 -0.04570649234188458 0)(0 0 13.711947702565372)))
(10.597159790275276((0 -0.04608386299458231 0)(0 0 13.825158898374692)))
(10.616185211801803((0 -0.04644455332826798 0)(0 0 13.933365998480394)))
(10.63521063332833((0 -0.04678843278900276 0)(0 0 14.036529836700826)))
(10.654236054854856((0 -0.047115376907639867 0)(0 0 14.134613072291959)))
(10.673261476381382((0 -0.047425267344876926 0)(0 0 14.227580203463077)))
(10.692286897907909((0 -0.04771799193408953 0)(0 0 14.315397580226858)))
(10.711312319434436((0 -0.04799344472193059 0)(0 0 14.398033416579175)))
(10.730337740960962((0 -0.04825152600668078 0)(0 0 14.475457802004232)))
(10.749363162487489((0 -0.04849214237433613 0)(0 0 14.547642712300837)))
(10.768388584014016((0 -0.048715206732419754 0)(0 0 14.614562019725925)))
(10.78741400554054((0 -0.04892063834150551 0)(0 0 14.676191502451651)))
(10.806439427067067((0 -0.04910836284444209 0)(0 0 14.732508853332625)))
(10.825464848593594((0 -0.04927831229326694 0)(0 0 14.783493687980082)))
(10.84449027012012((0 -0.04943042517380054 0)(0 0 14.829127552140163)))
(10.863515691646647((0 -0.049564646427911724 0)(0 0 14.869393928373517)))
(10.882541113173174((0 -0.049680927473446324 0)(0 0 14.904278242033895)))
(10.9015665346997((0 -0.04977922622181173 0)(0 0 14.93376786654352)))
(10.920591956226227((0 -0.049859507093211165 0)(0 0 14.95785212796335)))
(10.939617377752754((0 -0.04992174102952191 0)(0 0 14.976522308856573)))
(10.95864279927928((0 -0.04996590550481313 0)(0 0 14.989771651443938)))
(10.977668220805807((0 -0.0499919845334992 0)(0 0 14.99759536004976)))
(10.996693642332334((0 -0.049999968676125855 0)(0 0 14.999990602837755)))
(11.01571906385886((0 -0.04998985504278678 0)(0 0 14.996956512836034)))
(11.034744485385387((0 -0.04996164729416969 0)(0 0 14.988494188250908)))
(11.053769906911914((0 -0.04991535564023128 0)(0 0 14.974606692069383)))
(11.072795328438438((0 -0.049850996836501675 0)(0 0 14.9552990509505)))
(11.091820749964965((0 -0.0497685941780197 0)(0 0 14.93057825340591)))
(11.110846171491492((0 -0.049668177490901085 0)(0 0 14.900453247270326)))
(11.129871593018018((0 -0.04954978312154274 0)(0 0 14.864934936462822)))
(11.148897014544545((0 -0.049413453923466945 0)(0 0 14.824036177040083)))
(11.167922436071072((0 -0.04925923924181031 0)(0 0 14.777771772543092)))
(11.186947857597598((0 -0.04908719489546299 0)(0 0 14.726158468638896)))
(11.205973279124125((0 -0.048897383156864725 0)(0 0 14.669214947059416)))
(11.224998700650652((0 -0.048689872729464956 0)(0 0 14.606961818839487)))
(11.244024122177178((0 -0.048464738722855276 0)(0 0 14.53942161685658)))
(11.263049543703705((0 -0.04822206262558299 0)(0 0 14.466618787674896)))
(11.282074965230231((0 -0.047961932275655955 0)(0 0 14.388579682696786)))
(11.301100386756758((0 -0.04768444182874905 0)(0 0 14.305332548624714)))
(11.320125808283285((0 -0.04738969172412401 0)(0 0 14.216907517237201)))
(11.339151229809811((0 -0.04707778864827487 0)(0 0 14.12333659448246)))
(11.358176651336338((0 -0.046748845496312134 0)(0 0 14.02465364889364)))
(11.377202072862863((0 -0.046402981331099824 0)(0 0 13.920894399329947)))
(11.39622749438939((0 -0.046040321340159854 0)(0 0 13.812096402047956)))
(11.415252915915916((0 -0.045660996790359815 0)(0 0 13.698299037107944)))
(11.434278337442443((0 -0.04526514498040016 0)(0 0 13.579543494120047)))
(11.45330375896897((0 -0.04485290919111808 0)(0 0 13.455872757335424)))
(11.472329180495496((0 -0.04442443863362625 0)(0 0 13.327331590087875)))
(11.491354602022023((0 -0.04397988839530498 0)(0 0 13.193966518591491)))
(11.51038002354855((0 -0.043519419383667435 0)(0 0 13.05582581510023)))
(11.529405445075076((0 -0.04304319826811827 0)(0 0 12.912959480435479)))
(11.548430866601603((0 -0.04255139741962666 0)(0 0 12.765419225887998)))
(11.56745628812813((0 -0.04204419484833565 0)(0 0 12.613258454500695)))
(11.586481709654656((0 -0.04152177413913032 0)(0 0 12.456532241739096)))
(11.605507131181183((0 -0.04098432438518826 0)(0 0 12.295297315556477)))
(11.62453255270771((0 -0.040432040119536106 0)(0 0 12.129612035860832)))
(11.643557974234236((0 -0.03986512124463729 0)(0 0 11.959536373391188)))
(11.66258339576076((0 -0.0392837729600362 0)(0 0 11.78513188801086)))
(11.681608817287287((0 -0.038688205688084794 0)(0 0 11.606461706425439)))
(11.700634238813814((0 -0.03807863499777939 0)(0 0 11.423590499333814)))
(11.71965966034034((0 -0.03745528152673396 0)(0 0 11.23658445802019)))
(11.738685081866867((0 -0.036818370901319224 0)(0 0 11.045511270395766)))
(11.757710503393394((0 -0.03616813365499575 0)(0 0 10.850440096498724)))
(11.77673592491992((0 -0.035504805144871164 0)(0 0 10.651441543461349)))
(11.795761346446447((0 -0.03482862546651124 0)(0 0 10.448587639953372)))
(11.814786767972974((0 -0.034139839367035935 0)(0 0 10.24195181011078)))
(11.8338121894995((0 -0.03343869615653177 0)(0 0 10.031608846959532)))
(11.852837611026027((0 -0.03272544961781262 0)(0 0 9.817634885343784)))
(11.871863032552554((0 -0.03200035791456151 0)(0 0 9.600107374368454)))
(11.89088845407908((0 -0.031263683497886885 0)(0 0 9.379105049366066)))
(11.909913875605607((0 -0.030515693011326835 0)(0 0 9.15470790339805)))
(11.928939297132134((0 -0.02975665719433598 0)(0 0 8.926997158300793)))
(11.94796471865866((0 -0.02898685078428975 0)(0 0 8.696055235286924)))
(11.966990140185185((0 -0.0282065524170417 0)(0 0 8.46196572511251)))
(11.986015561711712((0 -0.027416044526069362 0)(0 0 8.224813357820809)))
(12.005040983238239((0 -0.026615613240246257 0)(0 0 7.984683972073877)))
(12.024066404764765((0 -0.025805548280275627 0)(0 0 7.741664484082688)))
(12.043091826291292((0 -0.02498614285382442 0)(0 0 7.495842856147326)))
(12.062117247817818((0 -0.024157693549395107 0)(0 0 7.247308064818532)))
(12.081142669344345((0 -0.023320500228973758 0)(0 0 6.996150068692127)))
(12.100168090870872((0 -0.022474865919493266 0)(0 0 6.742459775847979)))
(12.119193512397398((0 -0.021621096703151026 0)(0 0 6.486329010945307)))
(12.138218933923925((0 -0.020759501606620708 0)(0 0 6.227850481986212)))
(12.157244355450452((0 -0.019890392489198293 0)(0 0 5.967117746759487)))
(12.176269776976978((0 -0.019014083929922793 0)(0 0 5.704225178976837)))
(12.195295198503505((0 -0.01813089311371257 0)(0 0 5.43926793411377)))
(12.214320620030032((0 -0.017241139716558426 0)(0 0 5.172341914967528)))
(12.233346041556558((0 -0.016345145789815056 0)(0 0 4.903543736944516)))
(12.252371463083083((0 -0.015443235643632766 0)(0 0 4.63297069308983)))
(12.27139688460961((0 -0.014535735729571243 0)(0 0 4.360720718871373)))
(12.290422306136136((0 -0.013622974522439022 0)(0 0 4.086892356731706)))
(12.309447727662663((0 -0.012705282401399818 0)(0 0 3.8115847204199453)))
(12.32847314918919((0 -0.011782991530389968 0)(0 0 3.5348974591169897)))
(12.347498570715716((0 -0.010856435737889776 0)(0 0 3.256930721366933)))
(12.366523992242243((0 -0.0099259503960924 0)(0 0 2.9777851188277196)))
(12.38554941376877((0 -0.008991872299513938 0)(0 0 2.697561689854181)))
(12.404574835295296((0 -0.008054539543088723 0)(0 0 2.4163618629266166)))
(12.423600256821823((0 -0.007114291399793925 0)(0 0 2.1342874199381776)))
(12.44262567834835((0 -0.006171468197847745 0)(0 0 1.8514404593543237)))
(12.461651099874876((0 -0.005226411197525657 0)(0 0 1.5679233592576969)))
(12.480676521401403((0 -0.004279462467639291 0)(0 0 1.2838387402917872)))
(12.49970194292793((0 -0.003330964761722666 0)(0 0 0.9992894285167997)))
(12.518727364454456((0 -0.002381261393970573 0)(0 0 0.7143784181911719)))
(12.537752785980983((0 -0.001430696114974034 0)(0 0 0.42920883449221015)))
(12.556778207507508((0 -0.00047961298729788654 0)(0 0 0.14388389618936595)))
(12.575803629034034((0 0.0004716437390549927 0)(0 0 -0.1414931217164978)))
(12.594829050560561((0 0.0014227297512464222 0)(0 0 -0.4268189253739267)))
(12.613854472087088((0 0.0023733007982292813 0)(0 0 -0.7119902394687843)))
(12.632879893613614((0 0.0033230128153510646 0)(0 0 -0.9969038446053193)))
(12.65190531514014((0 0.004271522048890063 0)(0 0 -1.2814566146670188)))
(12.670930736666667((0 0.005218485180478993 0)(0 0 -1.5655455541436978)))
(12.689956158193194((0 0.00616355945137106 0)(0 0 -1.849067835411318)))
(12.70898157971972((0 0.007106402786503448 0)(0 0 -2.131920835951034)))
(12.728007001246247((0 0.008046673918313364 0)(0 0 -2.4140021754940086)))
(12.747032422772774((0 0.00898403251026178 0)(0 0 -2.695209753078534)))
(12.7660578442993((0 0.009918139280020215 0)(0 0 -2.975441784006064)))
(12.785083265825827((0 0.010848656122275906 0)(0 0 -3.2545968366827718)))
(12.804108687352354((0 0.011775246231110988 0)(0 0 -3.5325738693332958)))
(12.82313410887888((0 0.012697574221911307 0)(0 0 -3.809272266573392)))
(12.842159530405405((0 0.01361530625276075 0)(0 0 -4.084591875828226)))
(12.861184951931932((0 0.014528110145277572 0)(0 0 -4.358433043583271)))
(12.880210373458459((0 0.015435655504847746 0)(0 0 -4.630696651454324)))
(12.899235794984985((0 0.016337613840213563 0)(0 0 -4.901284152064068)))
(12.918261216511512((0 0.01723365868237281 0)(0 0 -5.170097604711843)))
(12.937286638038039((0 0.01812346570274614 0)(0 0 -5.437039710823842)))
(12.956312059564565((0 0.01900671283056963 0)(0 0 -5.702013849170888)))
(12.975337481091092((0 0.01988308036947016 0)(0 0 -5.964924110841047)))
(12.994362902617619((0 0.020752251113181356 0)(0 0 -6.225675333954406)))
(13.013388324144145((0 0.02161391046035822 0)(0 0 -6.484173138107465)))
(13.032413745670672((0 0.02246774652844888 0)(0 0 -6.740323958534662)))
(13.051439167197199((0 0.023313450266582283 0)(0 0 -6.994035079974684)))
(13.070464588723725((0 0.02415071556743095 0)(0 0 -7.245214670229284)))
(13.089490010250252((0 0.024979239378008236 0)(0 0 -7.4937718134024704)))
(13.108515431776778((0 0.02579872180936016 0)(0 0 -7.739616542808047)))
(13.127540853303305((0 0.02660886624511188 0)(0 0 -7.982659873533564)))
(13.14656627482983((0 0.027409379448829665 0)(0 0 -8.2228138346489)))
(13.165591696356357((0 0.02819997167015975 0)(0 0 -8.459991501047925)))
(13.184617117882883((0 0.02898035674970478 0)(0 0 -8.694107024911434)))
(13.20364253940941((0 0.029750252222601043 0)(0 0 -8.925075666780312)))
(13.222667960935937((0 0.030509379420758254 0)(0 0 -9.152813826227476)))
(13.241693382462463((0 0.031257463573725046 0)(0 0 -9.377239072117515)))
(13.26071880398899((0 0.03199423390814371 0)(0 0 -9.598270172443113)))
(13.279744225515516((0 0.032719423745758154 0)(0 0 -9.815827123727447)))
(13.298769647042043((0 0.033432770599939675 0)(0 0 -10.029831179981903)))
(13.31779506856857((0 0.034134016270695455 0)(0 0 -10.240204881208637)))
(13.336820490095096((0 0.03482290693812556 0)(0 0 -10.446872081437666)))
(13.355845911621623((0 0.03549919325429448 0)(0 0 -10.649757976288344)))
(13.37487133314815((0 0.03616263043348411 0)(0 0 -10.848789130045233)))
(13.393896754674676((0 0.03681297834079528 0)(0 0 -11.043893502238584)))
(13.412922176201203((0 0.037450001579065986 0)(0 0 -11.235000473719795)))
(13.431947597727728((0 0.0380734695740747 0)(0 0 -11.42204087222241)))
(13.450973019254254((0 0.03868315665799826 0)(0 0 -11.604946997399479)))
(13.469998440780781((0 0.03927884215109327 0)(0 0 -11.783652645327981)))
(13.489023862307308((0 0.03986031044157265 0)(0 0 -11.958093132471795)))
(13.508049283833834((0 0.040427351063647504 0)(0 0 -12.128205319094251)))
(13.527074705360361((0 0.04097975877370642 0)(0 0 -12.293927632111926)))
(13.546100126886888((0 0.04151733362460457 0)(0 0 -12.455200087381371)))
(13.565125548413414((0 0.042039881038035715 0)(0 0 -12.611964311410715)))
(13.584150969939941((0 0.04254721187496099 0)(0 0 -12.764163562488294)))
(13.603176391466468((0 0.04303914250406879 0)(0 0 -12.911742751220634)))
(13.622201812992994((0 0.04351549486824124 0)(0 0 -13.05464846047237)))
(13.641227234519521((0 0.04397609654900299 0)(0 0 -13.192828964700896)))
(13.660252656046048((0 0.04442078082892902 0)(0 0 -13.326234248678706)))
(13.679278077572574((0 0.044849386751989045 0)(0 0 -13.454816025596712)))
(13.6983034990991((0 0.045261759181806395 0)(0 0 -13.578527754541918)))
(13.717328920625627((0 0.04565774885781058 0)(0 0 -13.697324657343174)))
(13.736354342152152((0 0.046037212449262954 0)(0 0 -13.811163734778887)))
(13.755379763678679((0 0.04640001260713624 0)(0 0 -13.92000378214087)))
(13.774405185205206((0 0.04674601801382858 0)(0 0 -14.023805404148572)))
(13.793430606731732((0 0.047075103430694834 0)(0 0 -14.12253102920845)))
(13.812456028258259((0 0.047387149743377446 0)(0 0 -14.216144923013234)))
(13.831481449784786((0 0.04768204400492049 0)(0 0 -14.304613201476144)))
(13.850506871311312((0 0.0479596794766515 0)(0 0 -14.387903842995449)))
(13.869532292837839((0 0.048219955666816194 0)(0 0 -14.465986700044859)))
(13.888557714364365((0 0.04846277836695197 0)(0 0 -14.538833510085588)))
(13.907583135890892((0 0.048688059685987224 0)(0 0 -14.606417905796167)))
(13.926608557417419((0 0.04889571808205406 0)(0 0 -14.668715424616218)))
(13.945633978943945((0 0.04908567839200281 0)(0 0 -14.725703517600842)))
(13.964659400470472((0 0.04925787185860775 0)(0 0 -14.777361557582324)))
(13.983684821996999((0 0.0494122361554542 0)(0 0 -14.823670846636261)))
(14.002710243523525((0 0.04954871540949795 0)(0 0 -14.864614622849384)))
(14.02173566505005((0 0.04966726022128875 0)(0 0 -14.900178066386623)))
(14.040761086576577((0 0.04976782768285083 0)(0 0 -14.930348304855249)))
(14.059786508103103((0 0.0498503813932136 0)(0 0 -14.95511441796408)))
(14.07881192962963((0 0.049914891471587244 0)(0 0 -14.974467441476172)))
(14.097837351156157((0 0.0499613345681782 0)(0 0 -14.98840037045346)))
(14.116862772682683((0 0.04998969387264081 0)(0 0 -14.996908161792241)))
(14.13588819420921((0 0.04999995912016185 0)(0 0 -14.999987736048555)))
(14.154913615735737((0 0.049992126595176004 0)(0 0 -14.9976379785528)))
(14.173939037262263((0 0.04996619913271069 0)(0 0 -14.989859739813207)))
(14.19296445878879((0 0.04992218611735994 0)(0 0 -14.976655835207982)))
(14.211989880315317((0 0.04986010347988756 0)(0 0 -14.958031043966267)))
(14.231015301841843((0 0.04977997369146091 0)(0 0 -14.933992107438272)))
(14.25004072336837((0 0.049681825755517335 0)(0 0 -14.904547726655201)))
(14.269066144894897((0 0.049565695197266224 0)(0 0 -14.869708559179868)))
(14.288091566421423((0 0.04943162405083044 0)(0 0 -14.82948721524913)))
(14.30711698794795((0 0.04927966084403179 0)(0 0 -14.783898253209538)))
(14.326142409474475((0 0.04910986058082622 0)(0 0 -14.732958174247864)))
(14.345167831001001((0 0.04892228472139462 0)(0 0 -14.676685416418385)))
(14.364193252527528((0 0.04871700115989716 0)(0 0 -14.615100347969149)))
(14.383218674054055((0 0.04849408419989851 0)(0 0 -14.54822525996955)))
(14.402244095580581((0 0.04825361452747321 0)(0 0 -14.476084358241962)))
(14.421269517107108((0 0.04799567918200098 0)(0 0 -14.398703754600293)))
(14.440294938633635((0 0.047720371524662214 0)(0 0 -14.316111457398662)))
(14.459320360160161((0 0.04742779120464542 0)(0 0 -14.228337361393626)))
(14.478345781686688((0 0.04711804412307863 0)(0 0 -14.135413236923586)))
(14.497371203213214((0 0.04679124239469783 0)(0 0 -14.037372718409348)))
(14.516396624739741((0 0.046447504307266435 0)(0 0 -13.93425129217993)))
(14.535422046266268((0 0.046086954278760354 0)(0 0 -13.826086283628104)))
(14.554447467792794((0 0.045709722812334125 0)(0 0 -13.712916843700237)))
(14.573472889319321((0 0.04531594644908464 0)(0 0 -13.594783934725392)))
(14.592498310845848((0 0.04490576771862923 0)(0 0 -13.471730315588768)))
(14.611523732372373((0 0.04447933508751636 0)(0 0 -13.343800526254906)))
(14.6305491538989((0 0.04403680290548707 0)(0 0 -13.21104087164612)))
(14.649574575425426((0 0.043578331349607514 0)(0 0 -13.073499404882254)))
(14.668599996951952((0 0.04310408636629176 0)(0 0 -12.931225909887528)))
(14.68762541847848((0 0.04261423961123656 0)(0 0 -12.784271883370968)))
(14.706650840005006((0 0.04210896838728961 0)(0 0 -12.63269051618688)))
(14.725676261531532((0 0.04158845558027372 0)(0 0 -12.476536674082116)))
(14.744701683058059((0 0.04105288959279032 0)(0 0 -12.315866877837095)))
(14.763727104584586((0 0.04050246427602596 0)(0 0 -12.150739282807788)))
(14.782752526111112((0 0.039937378859586835 0)(0 0 -11.981213657876049)))
(14.801777947637639((0 0.03935783787938644 0)(0 0 -11.80735136381593)))
(14.820803369164166((0 0.038764051103612654 0)(0 0 -11.629215331083795)))
(14.839828790690692((0 0.03815623345680089 0)(0 0 -11.446870037040268)))
(14.858854212217219((0 0.037534604942041 0)(0 0 -11.2603814826123)))
(14.877879633743746((0 0.03689939056134581 0)(0 0 -11.069817168403743)))
(14.896905055270272((0 0.0362508202342104 0)(0 0 -10.875246070263119)))
(14.915930476796797((0 0.035589128714391474 0)(0 0 -10.676738614317442)))
(14.934955898323324((0 0.03491455550493663 0)(0 0 -10.474366651480986)))
(14.95398131984985((0 0.034227344771495236 0)(0 0 -10.268203431448569)))
(14.973006741376377((0 0.033527745253941026 0)(0 0 -10.058323576182307)))
(14.992032162902904((0 0.03281601017633933 0)(0 0 -9.8448030529018)))
(15.01105758442943((0 0.03209239715529116 0)(0 0 -9.627719146587348)))
(15.030083005955957((0 0.03135716810668742 0)(0 0 -9.407150432006226)))
(15.049108427482484((0 0.030610589150906937 0)(0 0 -9.18317674527208)))
(15.06813384900901((0 0.02985293051649265 0)(0 0 -8.955879154947795)))
(15.087159270535537((0 0.029084466442340834 0)(0 0 -8.72533993270225)))
(15.106184692062063((0 0.028305475078438794 0)(0 0 -8.491642523531638)))
(15.12521011358859((0 0.027516238385186822 0)(0 0 -8.254871515556045)))
(15.144235535115117((0 0.026717042031341055 0)(0 0 -8.015112609402316)))
(15.163260956641643((0 0.02590817529061401 0)(0 0 -7.772452587184203)))
(15.18228637816817((0 0.025089930936970296 0)(0 0 -7.526979281091089)))
(15.201311799694697((0 0.024262605138655413 0)(0 0 -7.278781541596623)))
(15.220337221221222((0 0.023426497350995997 0)(0 0 -7.027949205298799)))
(15.239362642747748((0 0.02258191020800998 0)(0 0 -6.774573062402994)))
(15.258388064274275((0 0.021729149412866907 0)(0 0 -6.518744823860072)))
(15.277413485800801((0 0.020868523627236596 0)(0 0 -6.2605570881709784)))
(15.296438907327328((0 0.02000034435956738 0)(0 0 -6.000103307870213)))
(15.315464328853855((0 0.0191249258523338 0)(0 0 -5.73747775570014)))
(15.334489750380381((0 0.01824258496829478 0)(0 0 -5.472775490488433)))
(15.353515171906908((0 0.017353641075803283 0)(0 0 -5.206092322740985)))
(15.372540593433435((0 0.01645841593320914 0)(0 0 -4.937524779962741)))
(15.391566014959961((0 0.015557233572396734 0)(0 0 -4.6671700717190205)))
(15.410591436486488((0 0.01465042018149982 0)(0 0 -4.395126054449945)))
(15.429616858013015((0 0.01373830398683585 0)(0 0 -4.121491196050754)))
(15.448642279539541((0 0.012821215134102566 0)(0 0 -3.8463645402307693)))
(15.467667701066068((0 0.011899485568879873 0)(0 0 -3.5698456706639616)))
(15.486693122592595((0 0.010973448916480229 0)(0 0 -3.2920346749440688)))
(15.50571854411912((0 0.010043440361191128 0)(0 0 -3.013032108357338)))
(15.524743965645646((0 0.009109796524952881 0)(0 0 -2.7329389574858642)))
(15.543769387172173((0 0.008172855345516884 0)(0 0 -2.4518566036550653)))
(15.5627948086987((0 0.007232955954126765 0)(0 0 -2.1698867862380293)))
(15.581820230225226((0 0.0062904385527679674 0)(0 0 -1.8871315658303902)))
(15.600845651751753((0 0.005345644291029685 0)(0 0 -1.6036932873089054)))
(15.61987107327828((0 0.00439891514262381 0)(0 0 -1.319674542787143)))
(15.638896494804806((0 0.0034505937816055802 0)(0 0 -1.035178134481674)))
(15.657921916331333((0 0.00250102345834074 0)(0 0 -0.7503070375022219)))
(15.67694733785786((0 0.0015505478752640932 0)(0 0 -0.46516436257922794)))
(15.695972759384386((0 0.0005995110624744357 0)(0 0 -0.1798533187423307)))
(15.714998180910912((0 -0.000351742746789118 0)(0 0 0.1055228240367354)))
(15.73402360243744((0 -0.0013028692407443324 0)(0 0 0.39086077222329974)))
(15.753049023963966((0 -0.0022535241536914795 0)(0 0 0.6760572461074439)))
(15.772074445490492((0 -0.003203363390622287 0)(0 0 0.961009017186686)))
(15.791099867017019((0 -0.004152043151767103 0)(0 0 1.2456129455301308)))
(15.810125288543544((0 -0.005099220057035112 0)(0 0 1.5297660171105334)))
(15.82915071007007((0 -0.006044551270303081 0)(0 0 1.8133653810909243)))
(15.848176131596597((0 -0.0069876946235063395 0)(0 0 2.0963083870519017)))
(15.867201553123124((0 -0.007928308740488828 0)(0 0 2.3784926221466485)))
(15.88622697464965((0 -0.008866053160566066 0)(0 0 2.65981594816982)))
(15.905252396176177((0 -0.009800588461756861 0)(0 0 2.940176538527058)))
(15.924277817702704((0 -0.01073157638363904 0)(0 0 3.219472915091712)))
(15.94330323922923((0 -0.011658679949784756 0)(0 0 3.4976039849354263)))
(15.962328660755757((0 -0.012581563589731035 0)(0 0 3.7744690769193103)))
(15.981354082282284((0 -0.013499893260441449 0)(0 0 4.049967978132434)))
(16.00037950380881((0 -0.014413336567214805 0)(0 0 4.324000970164441)))
(16.019404925335337((0 -0.015321562883997764 0)(0 0 4.596468865199329)))
(16.038430346861862((0 -0.016224243473055896 0)(0 0 4.867273041916769)))
(16.05745576838839((0 -0.017121051603963457 0)(0 0 5.136315481189038)))
(16.076481189914915((0 -0.01801166267186401 0)(0 0 5.403498801559203)))
(16.095506611441444((0 -0.018895754314964347 0)(0 0 5.6687262944893035)))
(16.11453203296797((0 -0.019773006531213857 0)(0 0 5.931901959364156)))
(16.133557454494497((0 -0.020643101794132448 0)(0 0 6.192930538239734)))
(16.15258287602102((0 -0.02150572516773975 0)(0 0 6.451717550321924)))
(16.17160829754755((0 -0.02236056442054931 0)(0 0 6.708169326164793)))
(16.190633719074075((0 -0.023207310138581294 0)(0 0 6.962193041574388)))
(16.209659140600603((0 -0.024045655837357904 0)(0 0 7.213696751207371)))
(16.22868456212713((0 -0.02487529807283597 0)(0 0 7.462589421850791)))
(16.247709983653653((0 -0.025695936551241333 0)(0 0 7.7087809653724)))
(16.26673540518018((0 -0.026507274237761433 0)(0 0 7.952182271328429)))
(16.285760826706706((0 -0.027309017464058328 0)(0 0 8.192705239217497)))
(16.304786248233235((0 -0.028100876034564695 0)(0 0 8.430262810369408)))
(16.32381166975976((0 -0.02888256333152055 0)(0 0 8.664768999456165)))
(16.342837091286288((0 -0.029653796418717432 0)(0 0 8.89613892561523)))
(16.361862512812813((0 -0.030414296143907584 0)(0 0 9.124288843172275)))
(16.38088793433934((0 -0.03116378723984586 0)(0 0 9.349136171953758)))
(16.399913355865866((0 -0.03190199842392318 0)(0 0 9.570599527176956)))
(16.418938777392395((0 -0.03262866249635994 0)(0 0 9.788598748907981)))
(16.43796419891892((0 -0.03334351643691937 0)(0 0 10.003054931075813)))
(16.456989620445448((0 -0.034046301500110364 0)(0 0 10.213890450033109)))
(16.476015041971973((0 -0.034736763308840776 0)(0 0 10.421028992652232)))
(16.4950404634985((0 -0.03541465194649175 0)(0 0 10.624395583947525)))
(16.514065885025026((0 -0.03607972204737544 0)(0 0 10.823916614212632)))
(16.53309130655155((0 -0.03673173288554742 0)(0 0 11.019519865664225)))
(16.55211672807808((0 -0.037370448461938426 0)(0 0 11.211134538581527)))
(16.571142149604604((0 -0.037995637589775255 0)(0 0 11.398691276932574)))
(16.590167571131133((0 -0.03860707397826091 0)(0 0 11.582122193478273)))
(16.609192992657658((0 -0.03920453631448102 0)(0 0 11.761360894344307)))
(16.628218414184186((0 -0.039787808343510145 0)(0 0 11.936342503053043)))
(16.64724383571071((0 -0.040356678946685626 0)(0 0 12.107003684005686)))
(16.66626925723724((0 -0.0409109422180241 0)(0 0 12.273282665407228)))
(16.685294678763764((0 -0.04145039753874944 0)(0 0 12.435119261624832)))
(16.704320100290293((0 -0.041974849649908795 0)(0 0 12.592454894972636)))
(16.723345521816817((0 -0.04248410872304677 0)(0 0 12.745232616914029)))
(16.742370943343346((0 -0.0429779904289158 0)(0 0 12.893397128674739)))
(16.76139636486987((0 -0.04345631600419439 0)(0 0 13.036894801258315)))
(16.7804217863964((0 -0.04391891231619224 0)(0 0 13.175673694857672)))
(16.799447207922924((0 -0.04436561192551595 0)(0 0 13.309683577654784)))
(16.818472629449452((0 -0.04479625314667532 0)(0 0 13.438875944002595)))
(16.837498050975977((0 -0.045210680106605686 0)(0 0 13.563204031981705)))
(16.856523472502502((0 -0.04560874280108767 0)(0 0 13.6826228403263)))
(16.87554889402903((0 -0.04599029714904177 0)(0 0 13.797089144712531)))
(16.894574315555555((0 -0.04635520504467917 0)(0 0 13.90656151340375)))
(16.913599737082084((0 -0.04670333440749039 0)(0 0 14.011000322247115)))
(16.93262515860861((0 -0.047034559230052043 0)(0 0 14.110367769015612)))
(16.951650580135137((0 -0.047348759623636494 0)(0 0 14.204627887090949)))
(16.970676001661662((0 -0.047645821861605764 0)(0 0 14.293746558481727)))
(16.98970142318819((0 -0.04792563842057596 0)(0 0 14.377691526172788)))
(17.008726844714715((0 -0.048188108019335645 0)(0 0 14.456432405800692)))
(17.027752266241244((0 -0.048433135655505444 0)(0 0 14.529940696651632)))
(17.04677768776777((0 -0.048660632639924435 0)(0 0 14.59818979197733)))
(17.065803109294297((0 -0.04887051662875197 0)(0 0 14.66115498862559)))
(17.084828530820822((0 -0.049062711653272195 0)(0 0 14.718813495981657)))
(17.10385395234735((0 -0.0492371481473917 0)(0 0 14.771144444217509)))
(17.122879373873875((0 -0.049393762972819055 0)(0 0 14.818128891845715)))
(17.1419047954004((0 -0.049532499441918294 0)(0 0 14.859749832575488)))
(17.16093021692693((0 -0.04965330733822727 0)(0 0 14.89599220146818)))
(17.179955638453453((0 -0.0497561429346337 0)(0 0 14.926842880390108)))
(17.19898105997998((0 -0.049840969009202596 0)(0 0 14.952290702760777)))
(17.218006481506507((0 -0.04990775485864882 0)(0 0 14.972326457594644)))
(17.237031903033035((0 -0.04995647630945043 0)(0 0 14.986942892835128)))
(17.25605732455956((0 -0.049987115726598336 0)(0 0 14.996134717979501)))
(17.27508274608609((0 -0.04999966201997946 0)(0 0 14.999898605993838)))
